3 2  0 0
0 0 109 135 115 171 123 173 121 126 142 102 144 65 147 155 83 114 170 122 143 95 94 119 131 161 170 188 103 113 110 88 127 132 0
0 0 41 141 88 157 156 177 170 174 117 47 125 141 110 204 108 146 180 83 114 145 102 117 45 236 68 56 145 122 104 87 158 170 0
0 0 115 117 141 134 132 99 157 150 109 164 154 165 127 123 164 132 121 171 101 172 185 164 122 147 121 123 157 140 118 186 140 146 0
1 1 78 159 74 192 115 190 129 163 135 50 173 40 142 172 68 98 189 119 114 111 94 110 80 172 187 200 103 97 82 62 136 155 1
1 1 137 96 124 153 87 123 90 77 127 130 144 62 165 107 72 115 141 138 135 87 81 128 151 98 189 210 96 81 116 115 83 67 1
1 1 121 138 147 163 154 189 134 123 158 133 118 92 139 171 105 129 172 115 174 84 101 121 166 191 140 162 109 148 131 94 148 152 1
2 1 20 95 41 153 147 149 174 130 84 49 106 208 110 210 170 184 120 78 42 186 139 165 17 249 51 48 151 144 112 130 163 158 1
2 1 65 165 114 156 186 185 174 175 133 85 120 148 130 201 133 138 197 93 138 127 157 130 86 220 76 83 135 177 127 92 163 197 1
2 1 38 152 97 159 142 188 166 197 126 23 139 101 98 202 59 131 203 79 140 133 48 84 36 238 72 43 148 75 85 60 152 161 1
3 1 139 92 152 148 103 58 113 112 100 183 160 143 158 87 147 117 96 181 89 161 185 170 141 94 179 188 139 105 104 199 106 92 1
3 1 78 113 92 124 116 121 195 168 104 129 162 174 106 122 173 143 117 171 47 205 197 169 61 151 95 98 155 137 96 182 156 169 1
3 1 134 137 180 134 165 107 150 157 118 185 142 170 126 149 167 131 141 164 161 149 173 155 166 178 107 103 172 167 148 182 146 161 1
