3 2  0 0
0 0 66 157 97 164 149 190 155 169 137 61 140 84 127 191 87 119 187 98 130 116 94 114 83 202 116 114 120 118 109 67 150 167 0
0 0 135 112 142 142 118 117 104 116 124 148 148 93 157 121 103 116 125 157 135 116 121 141 155 101 178 192 115 102 126 148 115 93 0
0 0 106 133 138 129 150 116 168 158 111 151 146 180 124 146 168 135 129 153 115 170 184 154 115 174 102 95 163 160 125 174 151 167 0
1 1 81 162 132 146 183 202 168 156 157 104 120 96 136 193 110 113 192 90 149 91 123 123 122 193 100 99 114 162 143 72 160 189 1
1 1 76 162 77 188 118 192 133 165 140 51 168 47 142 179 73 109 186 121 119 112 89 111 88 178 180 195 100 97 92 63 140 154 1
1 1 41 145 80 157 144 176 165 188 110 26 133 111 101 202 77 136 182 82 122 147 66 109 36 238 64 43 149 92 90 66 150 156 1
2 1 121 118 170 127 157 150 105 118 150 155 127 75 151 162 100 107 130 138 160 70 92 131 175 100 162 188 93 109 173 139 136 111 1
2 1 142 119 103 173 86 142 102 112 126 99 166 92 153 128 80 135 157 163 148 138 101 126 140 149 181 192 138 111 87 103 110 77 1
2 1 145 99 146 131 107 64 105 118 97 180 153 111 166 74 125 109 94 171 100 142 166 165 149 63 191 197 116 88 115 193 98 90 1
3 1 151 145 180 150 155 74 156 175 102 185 167 191 127 140 163 116 128 194 148 199 193 153 158 177 139 115 198 170 131 192 139 155 1
3 1 71 115 85 132 127 128 183 152 106 114 150 191 117 135 168 156 121 144 64 194 190 165 53 180 85 86 155 141 95 173 159 165 1
3 1 105 145 167 105 174 141 160 149 125 167 120 154 129 168 173 128 140 126 150 112 166 141 153 165 88 87 139 175 159 159 153 181 1
