5 3  0 3
0 0 47 154 91 157 161 189 171 182 124 46 129 96 122 200 83 123 194 78 126 126 88 111 57 222 80 66 138 116 106 60 157 172 0
0 0 110 143 107 169 116 182 113 132 149 86 155 56 146 164 75 116 168 135 144 96 87 118 131 148 177 196 98 99 111 84 131 120 0
0 0 135 101 152 135 113 73 112 115 98 174 150 122 164 86 124 109 99 165 111 139 152 165 147 81 179 188 129 102 125 186 106 99 0
0 0 77 121 92 134 134 130 180 156 105 111 151 184 117 137 167 147 121 143 70 186 187 165 59 179 91 90 154 144 99 169 160 168 0
0 0 131 149 177 127 175 129 151 162 135 175 136 153 126 177 155 126 152 153 170 136 158 129 173 178 114 104 151 175 154 152 144 164 0
1 0 43 154 100 160 129 184 160 202 151 26 175 119 83 197 67 122 208 88 158 142 40 38 35 237 92 44 158 101 68 62 160 164 0
1 0 41 154 137 155 205 207 177 167 125 67 112 50 140 195 84 74 196 62 129 67 65 101 90 195 90 59 112 128 155 58 155 185 0
1 0 57 177 89 146 188 201 183 177 153 83 125 114 152 201 119 149 215 75 134 113 187 136 69 217 80 101 123 170 124 62 180 207 0
1 0 47 145 47 167 133 180 171 180 75 33 115 21 142 205 55 95 174 83 63 150 83 167 62 216 78 76 150 93 91 56 153 148 0
1 0 50 133 75 157 160 168 165 172 94 20 87 192 96 202 97 191 163 76 136 164 79 152 26 246 46 53 144 85 104 62 126 152 0
2 0 104 110 124 164 126 191 145 75 146 115 135 76 140 132 86 126 168 97 154 76 91 156 152 175 131 180 108 118 123 89 132 161 0
2 0 128 157 153 143 149 191 86 133 181 107 136 49 159 189 79 92 146 131 164 48 71 105 175 86 186 194 71 104 162 93 151 84 0
2 0 81 173 96 167 141 183 127 204 134 72 190 44 104 187 72 109 179 179 135 116 109 121 111 173 176 211 78 84 110 90 142 175 0
2 0 94 166 62 199 92 172 114 145 105 39 151 47 170 124 60 90 163 112 65 111 89 125 78 125 213 192 129 101 77 76 140 117 0
2 0 137 110 90 179 64 171 95 111 175 86 172 60 154 185 76 166 190 160 196 141 79 83 129 190 182 204 110 87 75 71 89 63 0
3 0 125 126 180 136 179 88 106 168 84 174 159 71 158 102 121 95 97 186 103 126 128 153 172 65 191 206 123 86 192 203 144 108 0
3 0 159 94 110 100 86 48 105 123 105 161 179 90 131 59 109 111 83 199 84 158 173 162 125 44 192 188 101 60 98 190 98 63 0
3 0 131 130 166 108 103 69 119 123 110 206 112 188 193 82 170 103 74 135 129 143 191 172 152 73 159 159 118 151 111 189 74 133 0
3 0 132 87 157 193 98 69 107 105 75 158 170 175 161 106 120 110 128 190 116 184 142 165 133 137 197 189 191 147 103 179 106 90 0
3 0 124 73 151 125 104 93 126 57 123 182 118 88 187 81 108 124 106 100 126 73 128 173 159 74 145 190 99 65 127 171 103 115 0
4 0 70 104 100 81 123 80 195 185 84 170 152 187 94 99 178 132 117 195 43 215 201 179 64 125 71 63 161 138 102 196 138 164 0
4 0 98 111 104 116 91 145 174 99 121 133 150 180 127 91 153 167 120 117 117 153 185 166 77 180 77 87 131 109 86 145 124 163 0
4 0 94 140 87 192 118 139 168 181 150 76 199 171 116 191 156 119 120 180 74 200 183 151 60 185 160 141 168 151 87 164 155 162 0
4 0 18 84 52 147 150 147 176 127 89 85 111 217 117 213 182 193 122 88 22 202 172 167 18 237 52 45 157 158 98 165 188 153 0
4 0 97 168 113 141 198 141 186 192 76 83 140 167 130 102 168 124 128 127 85 160 193 163 72 177 93 113 156 171 126 176 208 198 0
5 0 118 110 192 80 194 136 158 131 163 185 148 98 85 200 118 120 164 166 166 106 135 133 173 163 84 92 99 118 185 143 164 161 0
5 0 104 154 185 94 181 127 132 151 96 146 99 179 143 171 170 114 118 115 162 121 118 101 183 121 108 106 114 201 172 142 133 180 0
5 0 158 162 205 138 180 79 162 197 106 193 166 182 115 154 175 120 132 207 185 201 192 136 196 199 127 114 198 176 156 211 149 161 0
5 0 157 156 138 154 129 138 138 154 152 172 143 154 145 173 138 146 174 142 180 137 155 118 174 190 134 92 184 187 115 99 120 127 0
5 0 93 160 164 164 208 191 164 167 167 171 104 135 146 203 173 130 176 107 147 82 179 160 127 213 103 120 135 188 155 156 162 210 0
6 1 38 145 45 170 65 164 144 148 151 32 188 160 123 202 50 100 203 96 167 157 61 45 33 231 169 72 149 147 36 23 107 164 1
6 1 44 144 116 154 90 183 167 205 154 22 150 146 75 187 57 159 213 75 154 140 21 32 22 242 33 26 177 67 50 75 169 154 1
6 1 96 169 90 151 146 151 154 209 144 54 198 80 62 187 87 81 190 149 139 181 84 51 113 208 126 59 155 130 70 72 152 189 1
6 1 38 148 136 170 187 194 165 210 151 17 187 134 45 207 57 122 219 93 159 138 27 58 16 243 123 45 169 93 136 70 171 155 1
6 1 17 177 80 158 173 209 157 222 150 22 185 49 122 206 93 95 203 61 170 113 46 13 32 243 88 45 120 120 47 50 173 178 1
7 1 33 183 86 179 217 205 162 206 136 30 146 21 168 215 104 48 201 56 140 43 50 39 62 223 111 83 78 116 125 34 174 175 1
7 1 40 86 148 140 166 196 179 140 147 140 118 74 119 157 66 74 172 92 104 93 101 166 51 162 107 42 124 114 155 87 117 200 1
7 1 65 165 155 175 204 204 177 148 139 88 100 111 135 193 90 75 203 63 162 104 53 90 130 214 115 59 164 198 159 67 133 198 1
7 1 62 163 139 97 193 206 193 151 168 45 101 27 120 193 72 103 181 62 142 59 86 107 133 172 61 70 44 103 196 56 194 161 1
7 1 11 159 167 163 233 221 180 176 42 43 86 16 147 210 80 83 215 43 94 39 47 126 84 187 47 37 143 101 154 52 162 190 1
8 1 67 193 53 85 159 182 197 179 195 74 141 87 148 184 133 135 187 66 89 75 202 131 75 175 63 96 71 126 108 54 199 202 1
8 1 105 133 92 151 150 213 162 139 153 105 179 95 124 185 87 181 220 107 149 149 173 145 71 221 93 63 84 107 129 63 145 213 1
8 1 50 186 158 152 212 230 189 186 209 100 97 59 143 199 131 141 197 86 134 68 192 150 59 239 60 123 100 180 186 127 195 230 1
8 1 40 168 86 163 199 208 183 173 110 79 111 159 202 222 129 187 232 57 169 126 175 140 72 245 71 102 164 203 120 33 166 190 1
8 1 45 195 87 186 217 187 173 201 130 74 111 126 101 203 97 88 232 88 123 147 194 116 63 206 121 114 162 204 104 77 194 220 1
9 1 57 182 96 174 152 197 156 230 79 64 136 34 105 209 59 116 133 140 51 201 68 172 56 193 75 73 130 67 118 122 170 163 1
9 1 60 127 37 154 107 138 167 166 46 24 120 19 97 214 59 73 104 72 32 164 95 182 30 239 42 39 164 161 78 60 144 121 1
9 1 70 115 64 164 143 190 175 88 140 57 106 29 147 148 58 105 197 89 55 126 72 173 93 168 78 80 136 70 94 36 189 144 1
9 1 11 154 19 159 147 200 167 211 47 13 83 7 174 232 45 124 217 73 117 129 65 167 65 251 42 52 149 41 111 54 113 160 1
9 1 54 154 48 190 118 182 187 193 89 30 147 24 172 201 60 56 203 64 42 145 113 140 69 202 170 150 164 123 58 23 174 156 1
10 1 101 134 100 155 144 164 168 165 97 10 99 191 62 202 53 193 120 59 130 192 109 152 21 250 48 45 151 13 95 67 101 150 1
10 1 50 135 113 157 81 200 143 153 119 58 84 140 54 189 84 186 178 145 151 142 57 160 27 237 30 50 130 57 76 69 88 153 1
10 1 62 150 104 164 180 178 172 201 150 11 90 164 107 212 40 193 201 91 147 162 60 143 35 245 58 58 147 60 91 51 167 139 1
10 1 33 82 78 153 177 160 159 112 63 43 79 230 151 183 162 190 173 44 152 140 82 153 34 235 59 74 134 157 150 67 116 165 1
10 1 4 142 8 156 184 151 167 190 41 5 81 225 108 209 161 191 150 59 114 167 83 154 17 255 35 45 148 145 114 62 132 161 1
11 1 113 150 124 193 130 208 170 71 160 89 146 85 175 165 91 95 195 63 165 74 69 126 144 195 166 186 99 158 151 76 123 182 1
11 1 99 122 91 152 117 205 116 71 166 133 113 105 138 125 122 180 140 91 165 50 120 164 130 195 140 174 76 101 76 116 138 140 1
11 1 154 86 102 182 147 172 162 87 130 106 167 52 83 99 80 127 177 117 133 123 93 140 177 189 117 212 127 152 117 88 139 163 1
11 1 64 86 147 110 97 182 128 75 119 114 141 67 129 135 61 88 170 85 127 64 89 166 151 90 80 151 81 93 140 62 102 176 1
11 1 83 87 181 183 148 172 158 72 139 141 110 55 172 128 53 126 161 151 175 79 77 195 171 195 141 179 184 71 144 97 162 144 1
12 1 145 179 135 177 150 209 71 133 187 59 135 57 183 196 82 108 159 97 198 54 55 98 168 124 200 204 76 131 139 65 168 72 1
12 1 112 91 182 132 174 159 80 140 167 180 146 36 108 196 76 99 140 165 205 48 48 102 199 105 176 204 72 96 177 106 118 81 1
12 1 126 126 162 115 86 165 72 50 177 109 153 42 157 155 57 103 150 145 129 38 48 109 177 47 180 190 63 68 148 56 106 65 1
12 1 83 181 142 121 167 210 123 159 173 73 106 47 168 192 101 84 125 94 113 58 96 119 165 78 155 164 54 111 182 112 170 129 1
12 1 180 188 162 160 172 197 82 190 198 155 149 60 161 205 76 59 152 183 183 37 107 95 174 66 223 212 96 103 171 145 182 63 1
13 1 60 188 87 203 161 208 104 217 159 41 177 16 138 224 57 123 202 166 172 75 78 100 113 187 205 227 72 82 114 66 159 159 1
13 1 62 150 104 104 116 178 179 184 200 67 194 39 114 193 101 86 156 179 139 95 146 150 107 153 129 211 53 41 100 129 125 182 1
13 1 101 182 99 198 123 185 132 201 139 105 172 86 102 192 93 94 183 187 134 149 112 126 126 165 177 194 123 133 75 75 120 196 1
13 1 64 107 107 156 173 157 119 183 57 94 194 45 62 123 61 160 187 184 124 118 67 134 106 192 182 223 78 75 176 100 138 160 1
13 1 129 222 88 146 135 167 106 228 72 61 229 32 73 171 43 85 151 186 79 161 156 99 97 166 177 199 48 70 106 97 173 174 1
14 1 91 149 49 201 61 153 174 121 122 28 186 42 185 171 90 60 176 90 47 152 104 143 79 178 206 185 189 150 45 61 128 137 1
14 1 42 136 59 180 59 187 98 72 78 26 98 39 190 99 42 67 171 61 41 52 44 154 53 48 198 160 97 74 109 43 100 110 1
14 1 97 178 79 201 94 160 96 172 71 55 153 49 120 106 57 94 137 170 41 170 90 112 94 111 222 184 156 98 76 93 149 113 1
14 1 124 181 53 214 117 193 100 150 139 30 157 36 201 116 45 126 192 104 98 57 111 137 72 156 215 225 102 79 71 72 167 92 1
14 1 70 158 58 177 108 167 128 190 119 57 134 89 180 162 94 54 127 63 107 95 52 55 83 93 216 176 61 132 109 100 104 180 1
15 1 140 170 32 222 44 206 54 154 182 51 180 21 151 198 45 176 218 155 201 113 89 72 70 219 195 226 54 66 41 20 93 62 1
15 1 104 84 130 185 78 193 114 109 171 54 151 41 144 169 95 169 197 99 223 113 28 57 134 209 172 191 72 79 134 50 71 81 1
15 1 135 106 137 181 116 174 96 129 182 108 181 27 150 218 60 164 195 214 170 182 72 88 156 179 197 203 179 67 73 126 117 79 1
15 1 159 51 93 150 36 140 95 54 172 125 181 47 158 159 49 167 190 179 195 120 83 127 134 169 165 210 127 65 75 72 74 40 1
15 1 138 148 62 169 55 157 116 124 167 77 165 156 161 185 135 158 154 144 194 176 112 58 149 183 182 185 107 156 59 81 91 63 1
16 1 71 127 159 134 188 74 154 177 68 126 173 91 184 81 148 63 107 161 85 109 152 152 119 72 199 187 161 157 221 228 159 134 1
16 1 98 105 163 140 177 106 109 186 64 179 158 128 160 115 101 106 100 186 112 155 65 145 111 65 199 200 86 85 200 182 91 82 1
16 1 154 166 180 179 178 88 101 192 91 144 166 53 176 127 127 122 107 181 78 183 159 146 176 95 216 215 164 76 151 230 199 86 1
16 1 103 124 176 110 179 75 103 169 58 179 164 51 118 67 87 64 128 189 96 123 102 143 196 47 173 189 102 73 192 145 124 163 1
16 1 164 112 203 125 176 90 88 137 119 206 145 53 163 112 144 107 60 197 126 80 157 170 213 56 179 227 118 72 201 232 150 88 1
17 1 205 73 129 96 48 42 93 92 132 187 191 61 110 45 106 107 68 207 91 103 188 148 184 31 205 212 76 43 97 185 82 61 1
17 1 175 125 118 75 101 41 138 169 131 138 187 104 174 86 115 101 86 191 115 178 204 129 132 64 178 124 161 105 91 172 118 61 1
17 1 72 84 99 121 165 42 104 146 77 168 186 165 151 78 92 86 72 195 97 150 175 164 78 43 218 169 71 86 133 217 61 57 1
17 1 156 100 96 121 80 60 93 117 81 134 164 59 132 53 102 96 96 189 67 180 118 181 95 43 226 210 81 48 86 190 116 59 1
17 1 146 105 103 73 78 53 119 124 100 171 168 114 110 51 135 177 98 212 59 210 210 184 106 54 102 186 155 42 94 194 115 82 1
18 1 194 97 183 115 61 66 97 109 160 232 114 195 222 91 165 176 61 166 165 130 209 169 196 108 193 210 107 147 63 200 44 90 1
18 1 103 83 162 81 114 64 151 55 113 223 118 177 189 69 178 88 58 108 116 100 179 175 163 52 84 105 134 161 140 189 91 178 1
18 1 169 164 196 110 158 56 85 166 78 200 91 181 205 100 181 83 85 120 133 145 182 175 155 72 188 184 109 178 158 224 96 106 1
18 1 118 155 164 113 74 71 153 125 86 216 136 197 193 49 164 84 89 157 103 228 205 150 173 57 162 147 160 124 90 179 84 140 1
18 1 81 153 123 124 96 90 106 168 117 161 102 194 159 99 159 94 77 132 132 123 187 188 78 84 181 163 83 142 91 152 51 142 1
19 1 141 107 164 174 110 44 108 113 63 186 175 168 190 110 92 97 119 204 120 205 179 172 190 151 214 159 210 148 73 212 107 84 1
19 1 115 108 134 210 77 91 101 108 65 90 151 154 180 101 136 102 113 170 84 204 109 133 120 94 208 203 181 147 84 174 91 90 1
19 1 149 59 201 215 106 47 124 101 108 190 195 214 102 157 180 122 120 202 65 191 169 193 108 172 204 217 187 137 126 206 119 113 1
19 1 106 77 149 182 88 40 126 149 58 185 192 162 155 71 61 74 218 205 168 113 119 187 74 146 166 200 173 138 127 94 73 80 1
19 1 143 63 137 173 111 114 80 69 79 174 150 182 161 67 100 149 126 180 199 154 125 164 139 140 166 172 195 163 140 157 131 75 1
20 1 142 31 192 189 111 86 135 48 143 117 113 125 209 119 96 117 69 106 178 70 71 124 105 154 139 212 77 62 198 210 96 86 1
20 1 132 80 171 77 113 85 201 66 133 186 156 102 155 86 111 103 82 123 115 83 147 202 142 59 67 137 95 42 129 174 115 151 1
20 1 66 76 98 105 100 93 107 56 101 170 122 93 190 66 107 102 128 79 98 84 161 174 105 53 164 200 70 71 93 174 86 174 1
20 1 131 75 169 125 130 87 95 48 129 191 93 69 182 71 108 92 120 91 128 42 59 136 214 41 196 214 79 91 156 149 107 74 1
20 1 162 80 153 160 74 107 107 63 125 209 107 73 206 86 109 199 105 107 140 84 170 200 195 106 143 194 161 55 104 173 107 75 1
21 1 72 188 92 76 143 67 146 214 91 147 148 165 100 71 175 87 108 170 55 183 171 186 86 103 90 79 118 151 101 196 135 139 1
21 1 50 84 135 137 123 82 177 163 65 193 157 204 86 131 161 75 124 205 56 219 175 156 96 165 102 36 152 152 106 184 96 219 1
21 1 131 95 97 75 84 54 222 173 98 172 160 176 94 77 181 175 121 218 48 223 222 186 69 135 60 79 187 108 97 195 106 172 1
21 1 73 87 130 87 195 98 163 160 85 180 159 182 91 139 182 177 107 215 62 194 210 181 76 158 75 70 162 119 135 221 178 141 1
21 1 16 83 69 58 100 99 228 209 75 165 137 204 98 95 182 112 122 168 12 239 204 180 20 84 52 46 166 164 83 184 165 161 1
22 1 88 151 106 90 88 156 154 142 118 131 154 154 90 92 144 134 126 140 100 150 189 177 89 190 87 73 65 108 92 104 128 182 1
22 1 84 101 108 95 79 140 177 91 144 130 119 199 161 142 154 151 83 83 122 101 164 180 52 146 54 95 102 105 94 171 99 192 1
22 1 104 90 82 157 91 167 174 77 89 166 154 201 157 76 142 170 108 119 130 188 174 127 115 206 125 103 172 161 71 153 85 193 1
22 1 112 130 81 120 52 148 222 80 108 89 107 187 155 22 176 203 108 82 43 209 210 183 76 148 54 68 173 40 83 153 127 170 1
22 1 108 87 127 126 127 117 170 90 132 134 193 169 95 89 157 195 165 143 159 148 197 165 58 198 62 90 175 105 86 151 173 86 1
23 1 119 146 91 199 119 142 169 197 170 101 200 195 87 210 161 169 118 209 117 209 194 150 34 223 129 134 172 158 69 159 143 160 1
23 1 100 115 94 153 121 140 182 179 158 78 215 60 108 184 157 106 120 180 45 206 183 135 90 176 100 147 147 107 96 161 131 186 1
23 1 58 83 86 224 152 148 182 151 184 49 196 209 112 220 162 112 119 173 23 159 161 173 34 190 215 143 165 163 174 208 196 163 1
23 1 41 180 103 199 70 118 169 180 91 40 198 177 104 150 142 96 116 194 43 217 168 168 65 128 203 192 159 144 66 161 165 143 1
23 1 125 167 62 182 125 142 141 180 133 88 185 194 189 174 155 72 128 124 100 202 197 133 95 171 187 101 189 177 54 141 157 158 1
24 1 15 84 66 143 152 154 190 159 83 147 148 215 114 216 182 197 122 150 5 233 166 179 10 215 51 41 172 181 66 229 218 135 1
24 1 19 85 40 153 179 149 167 121 63 59 99 225 121 216 185 198 133 62 57 177 161 157 25 248 58 52 147 162 117 100 169 164 1
24 1 22 124 51 143 91 133 180 154 108 16 129 204 110 203 175 197 128 96 6 206 211 170 13 240 48 43 145 118 50 125 165 140 1
24 1 9 62 42 143 142 149 172 101 86 97 93 220 119 218 182 193 114 62 2 209 155 168 11 245 48 39 159 157 131 209 197 161 1
24 1 58 74 108 169 208 146 177 92 201 127 68 197 111 196 188 141 91 101 62 155 218 158 55 211 61 54 172 171 91 159 199 157 1
25 1 106 179 108 146 232 170 179 221 44 70 102 222 78 223 186 190 171 142 149 183 219 162 37 243 58 112 157 200 105 165 220 228 1
25 1 145 115 150 166 207 92 201 157 62 87 139 208 122 86 173 144 128 152 119 176 180 190 83 207 79 117 212 168 143 201 204 195 1
25 1 107 186 93 150 182 164 198 209 77 86 164 154 144 57 156 84 122 130 67 186 215 124 86 179 101 89 171 187 101 146 221 218 1
25 1 57 205 123 97 200 148 191 218 83 79 126 135 128 123 171 91 103 127 26 128 187 177 80 100 80 113 88 124 160 190 201 194 1
25 1 56 168 86 142 187 147 146 170 104 85 143 129 156 94 166 152 139 78 90 122 168 169 50 176 137 143 134 184 115 175 195 162 1
26 1 134 185 194 62 211 129 171 171 201 173 142 87 99 207 105 58 183 153 120 115 151 101 170 111 83 46 78 103 147 101 196 192 1
26 1 73 86 195 71 168 111 186 106 134 212 143 78 91 161 154 100 133 169 122 108 158 171 198 144 81 88 130 89 183 194 163 207 1
26 1 136 82 188 62 188 131 152 124 193 174 110 145 113 208 154 159 144 115 167 81 148 128 125 151 82 74 66 92 209 179 152 103 1
26 1 122 104 186 98 197 124 137 121 122 166 199 111 57 203 87 147 199 204 178 145 96 139 169 185 76 107 134 128 177 117 182 161 1
26 1 131 112 201 96 212 193 152 144 193 205 124 59 79 222 99 112 154 172 231 66 141 114 201 208 102 132 67 175 203 122 126 148 1
27 1 114 149 185 63 168 154 88 138 132 189 76 188 185 172 190 135 77 98 166 87 142 137 178 75 112 105 127 200 155 181 123 140 1
27 1 106 158 173 149 202 130 138 123 69 95 69 212 164 189 193 97 130 82 165 112 106 78 183 167 89 82 144 222 162 96 159 193 1
27 1 105 162 164 107 204 90 181 158 81 196 89 136 177 132 124 57 128 103 126 149 158 120 211 122 146 79 134 194 160 128 156 215 1
27 1 144 163 172 71 184 120 123 167 85 141 153 190 50 185 109 70 139 159 158 166 68 64 164 89 145 89 101 214 194 63 108 177 1
27 1 78 149 210 86 164 128 142 170 98 118 120 172 116 175 191 158 128 139 179 118 106 90 178 143 80 144 80 187 188 179 123 187 1
28 1 164 190 197 151 198 113 126 185 98 168 174 94 103 134 127 148 109 225 173 186 185 118 206 193 129 195 172 175 185 208 177 135 1
28 1 174 175 194 115 211 90 173 191 82 179 149 208 141 124 195 124 104 191 209 200 184 91 206 193 111 95 194 205 168 208 163 189 1
28 1 156 199 224 185 157 59 144 229 139 222 162 196 114 198 194 56 174 209 192 218 232 132 206 205 208 126 224 181 162 226 143 121 1
28 1 167 128 218 91 157 54 198 188 104 218 177 202 92 133 186 157 122 208 166 196 206 200 193 198 62 87 202 147 141 224 147 167 1
28 1 112 119 182 180 179 92 141 194 116 164 174 168 119 206 141 104 165 213 174 205 139 131 159 209 159 103 186 170 122 180 110 181 1
29 1 163 154 155 181 147 170 141 183 166 190 157 159 128 214 109 94 181 192 212 173 101 99 142 217 186 90 184 202 147 91 97 150 1
29 1 159 93 154 154 134 123 133 84 151 207 117 158 146 178 142 184 174 104 179 95 145 128 190 198 120 85 190 181 137 130 146 105 1
29 1 138 187 110 140 107 131 120 184 177 124 142 185 179 192 170 156 141 139 192 155 176 105 165 178 136 86 162 191 55 132 101 115 1
29 1 150 171 139 155 132 87 122 157 104 147 156 150 131 135 129 208 203 152 179 141 171 117 170 189 129 131 169 177 138 71 136 84 1
29 1 177 183 131 137 121 182 179 163 160 191 145 113 139 139 137 84 175 119 133 117 190 144 208 162 93 65 216 182 94 62 122 183 1
30 1 106 152 149 167 198 204 126 187 104 166 121 144 126 153 152 127 166 161 166 81 179 191 71 212 143 137 129 189 169 177 182 188 1
30 1 114 167 169 210 222 130 184 215 150 141 126 83 132 241 195 97 208 105 112 124 165 134 141 217 107 138 160 171 141 180 167 214 1
30 1 80 146 159 169 196 202 178 127 194 188 93 107 152 200 125 102 183 88 144 45 168 143 155 228 101 70 120 196 154 88 153 203 1
30 1 59 175 199 142 223 197 171 195 172 176 99 178 157 214 201 134 163 101 162 102 184 170 103 221 74 106 124 192 175 167 140 218 1
30 1 137 151 114 149 193 215 149 98 202 173 88 137 156 193 182 194 165 92 140 47 201 157 178 176 116 174 154 185 118 179 189 222 1
